# basler fisheye intrinsic calibration, kalibr-format
# Car 27
# Johan, June 26, 2018

cam0:

  cam_overlaps: []

  camera_model: pinhole

  distortion_coeffs: [-0.022448550169849268, -0.003927616276589632, 0.002177568341205198,

    -0.0015504355882659305]

  distortion_model: equidistant

  intrinsics: [585.5644470303048, 584.8964075434083, 630.5897331003082, 477.7496476463654]

  resolution: [1280, 960]

  rostopic: /pylon_camera_node/image_raw_lf